[gd_scene load_steps=6 format=3 uid="uid://dcuq5rhwq7mx5"]

[ext_resource type="PackedScene" uid="uid://bhxki0k7ywl2y" path="res://block.tscn" id="1_3hls8"]
[ext_resource type="PackedScene" uid="uid://b7pdsvrgmu6dx" path="res://steve.tscn" id="2_hbghi"]
[ext_resource type="Environment" uid="uid://bh31lqqe82gel" path="res://Resources/level_1_environment.tres" id="4_ihfcg"]
[ext_resource type="MeshLibrary" uid="uid://bijb0v0ruw6bo" path="res://Resources/world-blocks-v1.tres" id="5_5hph3"]
[ext_resource type="PackedScene" uid="uid://dbxs52if8rhw0" path="res://coin.tscn" id="5_rka8t"]

[node name="Level1" type="Node3D"]

[node name="DirectionalLight3D" type="DirectionalLight3D" parent="."]
transform = Transform3D(0.766997, 0.41944566, 0.48557276, 2.9309717e-08, -0.75675565, 0.6536979, 0.6416506, -0.5013844, -0.58042926, 3.86271, 5.43751, -2.39244)
shadow_enabled = true

[node name="Blocks" type="Node3D" parent="."]
transform = Transform3D(1, 0, 0, 0, 1, 0, 0, 0, 1, 0, 0, -2.0728447)

[node name="Block1" parent="Blocks" instance=ExtResource("1_3hls8")]
transform = Transform3D(0.859888, -0.510483, 0, 0.501175, 0.844209, -0.190089, 0.0970374, 0.163456, 0.981767, 0, 3.70138, 0)

[node name="Block2" parent="Blocks" instance=ExtResource("1_3hls8")]
transform = Transform3D(0.396051, -0.911301, 0.112578, 0.913087, 0.377905, -0.153167, 0.0970374, 0.163456, 0.981767, 0.591628, 5.29265, 0)

[node name="Block3" parent="Blocks" instance=ExtResource("1_3hls8")]
transform = Transform3D(-0.15407, -0.972064, 0.177068, 0.983283, -0.168443, -0.0691429, 0.0970374, 0.163456, 0.981767, 0.929348, 8.022, 0)

[node name="Block4" parent="Blocks" instance=ExtResource("1_3hls8")]
transform = Transform3D(-0.706482, -0.683495, 0.183624, 0.701047, -0.711419, 0.0491539, 0.0970374, 0.163456, 0.981767, -0.33772, 9.15191, 0)

[node name="Steve" parent="." instance=ExtResource("2_hbghi")]
transform = Transform3D(1, 0, 0, 0, 1, 0, 0, 0, 1, -2, 0.661443, 0.92516434)

[node name="Coin" parent="." instance=ExtResource("5_rka8t")]
transform = Transform3D(1, 0, 0, 0, 1, 0, 0, 0, 1, 3, 0.60096705, 2)

[node name="WorldEnvironment" type="WorldEnvironment" parent="."]
environment = ExtResource("4_ihfcg")

[node name="GridMap" type="GridMap" parent="."]
mesh_library = ExtResource("5_5hph3")
data = {
"cells": PackedInt32Array(-4, 65532, 6, -4, 65533, 5, -4, 65534, 5, -4, 65535, 1048576, -4, 0, 1048576, -4, 1, 5, -4, 2, 5, -3, 65532, 1441797, -3, 65533, 0, -3, 65534, 0, -3, 65535, 0, -3, 0, 0, -3, 1, 0, -3, 2, 0, -2, 65532, 1441797, -2, 65533, 0, -2, 65534, 0, -2, 65535, 0, -2, 0, 0, -2, 1, 0, -2, 2, 0, -1, 65532, 1441797, -1, 65533, 0, -1, 65534, 0, -1, 65535, 0, -1, 0, 0, -1, 1, 0, -1, 2, 0, -65536, 65532, 1441797, -65536, 65533, 0, -65536, 65534, 0, -65536, 65535, 0, -65536, 0, 0, -65536, 1, 0, -65536, 2, 0, -65535, 65532, 1441797, -65535, 65533, 0, -65535, 65534, 0, -65535, 65535, 0, -65535, 0, 0, -65535, 1, 0, -65535, 2, 0, -65534, 65532, 1441797, -65534, 65533, 0, -65534, 65534, 0, -65534, 65535, 0, -65534, 0, 0, -65534, 1, 0, -65534, 2, 0, -65533, 65532, 1441798, -65533, 65533, 655365, -65533, 65534, 655365, -65533, 65535, 655365, -65533, 0, 655365, -65533, 1, 655365, -65533, 2, 655365, -4, 3, 1048582, -3, 3, 1048581, -2, 3, 1048581, -1, 3, 1441793, -65536, 3, 1441793, -65535, 3, 1048581, -65534, 3, 1048581, -65533, 3, 655366, 65531, 65535, 2, 65531, 0, 2, 65530, 65535, 1, 65530, 0, 1, 131065, 65535, 2, 131065, 0, 2, 131064, 65533, 3, 131064, 65534, 3, 131064, 65535, 3, 131064, 0, 3, 131064, 1, 3, 131064, 2, 3, 131063, 2, 3, 131063, 1, 3, 131063, 0, 3, 131063, 65535, 3, 131063, 65534, 3, 131063, 65533, 3, 131062, 65534, 3, 131062, 65535, 3, 131062, 0, 3, 131062, 1, 3, 131062, 2, 3, 131062, 65533, 3, 131062, 5, 3, 131062, 6, 3, 131062, 7, 3, 131063, 5, 3, 131063, 6, 3, 131063, 7, 3, 131064, 5, 3, 131064, 6, 3, 131064, 7, 3, 131062, 65528, 3, 131062, 65529, 3, 131062, 65530, 3, 131063, 65528, 3, 131063, 65529, 3, 131063, 65530, 3, 131064, 65528, 3, 131064, 65529, 3, 131064, 65530, 3, -1, 4, 1441794, -65536, 4, 1441794, -65537, 5, 1441793, -131072, 5, 1441793, -65537, 6, 1441794, -131072, 6, 1441794, -131073, 7, 1441792, -196608, 7, 1441792, -196607, 7, 1441792, -196606, 7, 1441792, -131074, 7, 1441792, -131075, 7, 1441792, -131075, 8, 1441792, -131074, 8, 1441792, -131073, 8, 1441792, -196608, 8, 1441792, -196607, 8, 1441792, -196606, 8, 1441792, -196606, 9, 1441792, -196607, 9, 1441792, -196608, 9, 1441792, -131073, 9, 1441792, -131074, 9, 1441792, -131075, 9, 1441792, -131075, 10, 1441792, -131074, 10, 1441792, -131073, 10, 1441792, -196608, 10, 1441792, -196607, 10, 1441792, -196606, 10, 1441792, -65530, 8, 1441792, -65530, 9, 1441792, -65530, 10, 1441792, -65529, 10, 1441792, -65528, 10, 1441792, -65528, 9, 1441792, -65529, 9, 1441792, -65529, 8, 1441792, -65528, 8, 1441792, -65527, 8, 1441792, -65527, 9, 1441792, -65527, 10, 1441792, 65529, 65535, 1441792, 65529, 0, 1441792, 65528, 65535, 1441792, 65528, 0, 1441792, 65528, 2, 1441792, 65528, 1, 1441792, 65527, 2, 1441792, 65526, 1, 1441792, 65526, 2, 1441792, 65527, 1, 1441792, 65527, 0, 1441792, 65527, 65535, 1441792, 65527, 65534, 1441792, 65528, 65534, 1441792, 65528, 65533, 1441792, 65527, 65533, 1441792, 65526, 65533, 1441792, 65526, 65534, 1441792, 65526, 65535, 1441792, 65526, 0, 1441792, 65526, 65530, 1441792, 65526, 65529, 1441792, 65526, 65528, 1441792, 65527, 65528, 1441792, 65528, 65528, 1441792, 65528, 65529, 1441792, 65528, 65530, 1441792, 65527, 65530, 1441792, 65527, 65529, 1441792, 65526, 5, 1441792, 65526, 6, 1441792, 65526, 7, 1441792, 65527, 7, 1441792, 65527, 6, 1441792, 65527, 5, 1441792, 65528, 5, 1441792, 65528, 6, 1441792, 65528, 7, 1441792, -5, 0, 1441792, -5, 65535, 1441792, -6, 65535, 1441792, -6, 0, 1441792, -7, 0, 1441792, -7, 65535, 1441792, 65535, 65535, 1441795, 0, 65535, 1441795, 0, 65534, 1441795, 65535, 65534, 1441795)
}
metadata/_editor_floor_ = Vector3(0, 0, 0)
